246.34713119323555
65.45045496527128
28.66835698623827
49.958461638670215
32.56321567754867
36.85308423501525
60.96847697322391
23.604958337984925
33.62054150715051
19.210116676401245
39.99315846514362
31.021568576256314
36.81433467007611
27.802695978077217
30.55429530521232
18.77030819922621
23.874295937345863
36.71144303653952
12.243624854956288
32.757798765353236
44.91318874082251
29.482517220523064
16.426526795758274
16.749164896711033
33.05154106958531
35.13377542762813
20.704835214021482
28.439357221898085
40.99869336899441
36.32877617654845
38.14770339395083
44.57736281649919
14.38408831414506
36.72612450984584
22.220463621552405
13.420464341806746
19.39212900068064
28.35523056056812
31.184206177067818
35.38556050949654
27.375857905311726
29.03377875399729
18.328649469944143
22.966275113041135
21.930219523726763
28.171494240299012
16.4439577858852
29.448305208949265
15.065496708510077
18.52616478776249
14.348243275057332
12.109385427189327
19.664156401255287
15.549533165883789
33.58792060123973
21.602249984036494
9.721089591250688
20.96690891532515
27.614848518810224
28.96280395280611
18.796294647164707
15.135012453459817
26.532944082926225
31.159451899752536
30.27655166729434
14.267254608223295
15.589000152939288
16.98259640590487
20.527221491207662
15.686055795207663
31.166377785055
15.833979597158526
14.492820841112719
9.132392496482483
17.413162068553113
25.530445508541955
14.539376094915301
38.63333013755984
22.095007712027478
23.685821787647846
32.6099419930943
11.569786686506472
15.030377087601401
12.933562532073493
9.386705090144606
53.333370044499695
27.105381107249013
26.104094575682865
22.92686966496202
10.016378226154934
5.391082375886125
9.101110188338748
7.344651710727207
6.733000223328714
8.085739001895218
2.8372899218968697
17.28486716378403
11.2714970745477
5.870000733943711
9.556547648238375
3.757793224816035
4.774938628199013
3.894646718549262
2.143602146773768
3.2561776520841605
1.5352004802885804
0.7411551113865527
0.8257359458057673
0.6519624554683611
1.4670481625935985
0.3259509519558159
0.449632265706199
0.6573968905018858
0.4242500420686697
0.26433104455122813
0.4113499191113464
0.44853400027074536
0.2896527321540956
0.334965861434871
0.27047570842016194
0.08754598261274195
0.23317466237025117
0.19926926666889178
0.2714348439142762
0.21899108946333398
0.29809397343102406
0.10727351920994285
0.272257139993458
0.22996634431674692
0.1191066348412642
0.1576422177844145
0.24961463968586797
0.18549927445116413
0.07738735714091431
0.0639185689495942
0.1885648404766375
0.12313217520991403
0.05764366258573963
0.0437098839628218
0.048601912795927064
0.04536888418880041
0.051907282364053925
0.04698342298180793
0.038798845016027435
0.05318073679047373
0.03741833291117526
0.024160900976510215
0.049890419243143774
0.06590792913484965
0.04097567005081362
0.02798321047344725
0.04186424539874037
0.020751904376826565
0.033063847142829866
0.034374234691801384
0.02159026883162156
0.015356307236177947
0.05512337653054979
0.015104277893017637
0.015097916748084623
0.025368844931398127
0.012406577304113844
0.014281761669632844
0.01557189133300512
0.010831168880711563
0.00758312026617518
0.00477168371812303
0.007156422086939661
0.007672748717597432
0.012603787831430369
0.013178921452360772
0.007068158231177021
0.008905938407647364
0.008531668899181022
0.010416836871350093
0.007132830058721229
0.014618306021537695
0.016068165375289017
0.005376508207502444
0.005431686179903015
0.010223396133272267
0.012743373281972089
0.0042870309528506186
0.003384365882673204
0.004518114958783981
0.0039350301053793476
0.004308044303503242
0.004054037218943312
0.003963913842000941
0.006152829187832235
0.0016583932600776133
0.002985895825139736
0.002513100051317841
0.002306460451560291
0.008847928455378058
0.004427167949859723
0.0038107404408657657
0.004152647229579166
0.005902671205278452
0.003652133950310814
0.002317654062104875
0.003916091990482321
0.0019225211449614586
0.0031556620589968183
0.004119529603231587
0.0028548402297342694
0.0025847476144474006
0.0031984278327281904
0.0029402223892421486
0.0018778714485135912
0.0019161307235795236
0.002691832215074923
0.0050664168048828485
0.0015212695097319526
0.0019710149431582157
0.005029931434733099
0.005531190235200234
0.003274730748265671
0.002474971432398325
0.002007804385266038
0.001730041397829971
0.0020993550962350237
0.0030150309776198693
0.0018426251021653886
0.0020939528092457586
0.0014657892748681839
0.0027241695228501605
0.001829267001353745
0.0037938882640348604
0.0008655689408305102
